Date,newCasesBySpecimenDate,cumCasesBySpecimenDate,newPeopleVaccinatedFirstDoseByVaccinationDate,cumPeopleVaccinatedFirstDoseByVaccinationDate,newPeopleVaccinatedSecondDoseByVaccinationDate,cumPeopleVaccinatedSecondDoseByVaccinationDate,uniqueCasePositivityBySpecimenDateRollingSum,uniquePeopleTestedBySpecimenDateRollingSum,covidOccupiedMVBeds,hospitalCases,newAdmissions,cumAdmissions,newDeaths28DaysByDeathDate,cumDeaths28DaysByDeathDate
2020-03-09,53,181,0,0,0,0,5.9,2244,0,0,0,0,2,2
2020-03-10,92,273,0,0,0,0,7.8,2558,0,0,0,0,1,3
2020-03-11,183,456,0,0,0,0,10.7,3071,0,0,0,0,3,6
2020-03-12,165,621,0,0,0,0,12.4,3614,0,0,0,0,6,12
2020-03-13,135,756,0,0,0,0,13.9,4191,0,0,0,0,6,18
2020-03-14,150,906,0,0,0,0,15.5,4757,0,0,0,0,11,29
2020-03-15,165,1071,0,0,0,0,16.9,5151,0,0,0,0,8,37
2020-03-16,233,1304,0,0,0,0,19,5640,0,0,0,0,16,53
2020-03-17,311,1615,0,0,0,0,22.1,6058,0,0,0,0,23,76
2020-03-18,355,1970,0,0,0,0,24.8,6280,0,0,0,0,26,102
2020-03-19,330,2300,0,0,0,0,27.1,6317,0,0,240,240,25,127
2020-03-20,426,2726,0,0,0,0,30.7,6323,0,841,272,512,46,173
2020-03-21,350,3076,0,0,0,0,32.8,6427,0,1081,311,823,46,219
2020-03-22,438,3514,0,0,0,0,35.1,6684,0,1266,335,1158,53,272
2020-03-23,687,4201,0,0,0,0,38.4,7164,0,1559,505,1663,56,328
2020-03-24,632,4833,0,0,0,0,40.7,7623,0,1705,637,2300,87,415
2020-03-25,759,5592,0,0,0,0,43.4,8009,0,2051,675,2975,119,534
2020-03-26,764,6356,0,0,0,0,46.3,8513,0,2244,519,3494,122,656
2020-03-27,817,7173,0,0,0,0,47.5,9221,0,2829,639,4133,127,783
2020-03-28,576,7749,0,0,0,0,48.4,9532,0,3114,551,4684,119,902
2020-03-29,594,8343,0,0,0,0,49.4,9757,0,3464,672,5356,143,1045
2020-03-30,868,9211,0,0,0,0,49.8,10196,0,3638,883,6239,150,1195
2020-03-31,935,10146,0,0,0,0,50.6,10672,0,4073,645,6884,180,1375
2020-04-01,979,11125,0,0,0,0,50.7,11256,0,4219,767,7651,189,1564
2020-04-02,1067,12192,0,0,0,0,51.1,11711,673,4168,835,8486,194,1758
2020-04-03,982,13174,0,0,0,0,51,12067,759,4092,647,9133,192,1950
2020-04-04,765,13939,0,0,0,0,50.4,12565,824,4691,733,9866,225,2175
2020-04-05,632,14571,0,0,0,0,49.8,12793,800,4869,732,10598,196,2371
2020-04-06,857,15428,0,0,0,0,49.3,12830,914,5058,743,11341,197,2568
2020-04-07,951,16379,0,0,0,0,49.2,12771,876,5025,722,12063,221,2789
2020-04-08,875,17254,0,0,0,0,47.5,13102,941,5198,744,12807,232,3021
2020-04-09,801,18055,0,0,0,0,45.9,13016,849,5201,554,13361,199,3220
2020-04-10,616,18671,0,0,0,0,44.7,12654,1057,5168,531,13892,174,3394
2020-04-11,519,19190,0,0,0,0,43.7,12242,1035,4910,490,14382,164,3558
2020-04-12,500,19690,0,0,0,0,42.4,12255,1035,4931,384,14766,170,3728
2020-04-13,596,20286,0,0,0,0,41,11905,1046,4799,416,15182,170,3898
2020-04-14,596,20882,0,0,0,0,39.6,11318,1026,4621,447,15629,143,4041
2020-04-15,660,21542,0,0,0,0,37.3,11445,1023,4509,412,16041,147,4188
2020-04-16,575,22117,0,0,0,0,34.6,11530,1012,4395,388,16429,138,4326
2020-04-17,579,22696,0,0,0,0,32.3,12161,982,4219,358,16787,110,4436
2020-04-18,400,23096,0,0,0,0,30.7,12408,992,3993,283,17070,118,4554
2020-04-19,395,23491,0,0,0,0,29.1,12425,991,4021,290,17360,116,4670
2020-04-20,433,23924,0,0,0,0,27.4,12943,1019,3940,308,17668,97,4767
2020-04-21,463,24387,0,0,0,0,25.1,13426,972,3922,288,17956,105,4872
2020-04-22,397,24784,0,0,0,0,23.1,13812,927,3768,225,18181,110,4982
2020-04-23,521,25305,0,0,0,0,21.3,15149,897,3510,266,18447,80,5062
2020-04-24,378,25683,0,0,0,0,19.1,15704,836,3281,171,18618,75,5137
2020-04-25,333,26016,0,0,0,0,17.9,16083,868,3198,137,18755,58,5195
2020-04-26,311,26327,0,0,0,0,16.1,17120,831,3115,187,18942,62,5257
2020-04-27,418,26745,0,0,0,0,13.9,19928,800,3117,261,19203,54,5311
2020-04-28,313,27058,0,0,0,0,11.7,22736,755,2794,248,19451,58,5369
2020-04-29,428,27486,0,0,0,0,9.4,29587,733,2811,212,19663,52,5421
2020-04-30,424,27910,0,0,0,0,7.2,36567,723,2703,183,19846,45,5466
2020-05-01,354,28264,0,0,0,0,6.2,42872,712,2596,201,20047,42,5508
2020-05-02,247,28511,0,0,0,0,5.7,47186,678,2432,150,20197,52,5560
2020-05-03,169,28680,0,0,0,0,5.4,50145,638,2390,157,20354,43,5603
2020-05-04,249,28929,0,0,0,0,4.9,50836,587,2328,169,20523,37,5640
2020-05-05,217,29146,0,0,0,0,4.6,51366,565,2270,178,20701,34,5674
2020-05-06,266,29412,0,0,0,0,4.3,50540,580,2154,216,20917,43,5717
2020-05-07,273,29685,0,0,0,0,4.2,48969,565,2086,202,21119,28,5745
2020-05-08,207,29892,0,0,0,0,4.2,46543,531,1955,99,21218,30,5775
2020-05-09,128,30020,0,0,0,0,4.1,44750,516,1971,85,21303,25,5800
2020-05-10,125,30145,0,0,0,0,3.9,44898,466,1889,86,21389,27,5827
2020-05-11,161,30306,0,0,0,0,3.7,46454,457,1880,91,21480,23,5850
2020-05-12,194,30500,0,0,0,0,3.6,48937,425,1827,80,21560,15,5865
2020-05-13,204,30704,0,0,0,0,3.4,49255,413,1777,91,21651,12,5877
2020-05-14,158,30862,0,0,0,0,3.1,47970,395,1667,91,21742,17,5894
2020-05-15,132,30994,0,0,0,0,3,48661,405,1625,77,21819,18,5912
2020-05-16,72,31066,0,0,0,0,2.9,48923,384,1552,59,21878,10,5922
2020-05-17,78,31144,0,0,0,0,2.8,48631,374,1454,51,21929,14,5936
2020-05-18,113,31257,0,0,0,0,2.6,48595,349,1496,74,22003,13,5949
2020-05-19,129,31386,0,0,0,0,2.4,48883,333,1390,89,22092,20,5969
2020-05-20,142,31528,0,0,0,0,2.3,49104,313,1247,71,22163,16,5985
2020-05-21,156,31684,0,0,0,0,2.2,50304,307,1224,76,22239,12,5997
2020-05-22,81,31765,0,0,0,0,2.1,50850,287,1240,77,22316,8,6005
2020-05-23,65,31830,0,0,0,0,2.1,50908,272,1165,43,22359,6,6011
2020-05-24,52,31882,0,0,0,0,2,50877,271,1160,41,22400,6,6017
2020-05-25,58,31940,0,0,0,0,1.9,48550,276,1174,49,22449,9,6026
2020-05-26,66,32006,0,0,0,0,1.9,46248,268,1144,67,22516,11,6037
2020-05-27,84,32090,0,0,0,0,1.8,45131,228,1091,69,22585,8,6045
2020-05-28,75,32165,0,0,0,0,1.6,44073,222,1029,57,22642,9,6054
2020-05-29,56,32221,0,0,0,0,1.6,43307,207,1002,51,22693,5,6059
2020-05-30,39,32260,0,0,0,0,1.5,43195,213,915,30,22723,7,6066
2020-05-31,38,32298,0,0,0,0,1.4,43123,197,891,42,22765,5,6071
2020-06-01,50,32348,0,0,0,0,1.4,45699,170,862,48,22813,5,6076
2020-06-02,49,32397,0,0,0,0,1.3,46843,159,855,51,22864,7,6083
2020-06-03,79,32476,0,0,0,0,1.2,47610,148,813,68,22932,6,6089
2020-06-04,58,32534,0,0,0,0,1.1,48563,139,795,58,22990,6,6095
2020-06-05,45,32579,0,0,0,0,1.1,50436,137,783,50,23040,2,6097
2020-06-06,47,32626,0,0,0,0,1.1,51561,140,707,46,23086,3,6100
2020-06-07,45,32671,0,0,0,0,1.1,52282,134,691,56,23142,5,6105
2020-06-08,57,32728,0,0,0,0,1,52964,134,701,69,23211,8,6113
2020-06-09,71,32799,0,0,0,0,1,54832,129,707,35,23246,2,6115
2020-06-10,52,32851,0,0,0,0,0.9,55651,115,675,41,23287,5,6120
2020-06-11,47,32898,0,0,0,0,0.9,55755,100,620,32,23319,5,6125
2020-06-12,54,32952,0,0,0,0,0.9,55161,100,568,30,23349,5,6130
2020-06-13,39,32991,0,0,0,0,0.9,54788,100,540,20,23369,1,6131
2020-06-14,31,33022,0,0,0,0,0.8,54664,100,531,22,23391,2,6133
2020-06-15,41,33063,0,0,0,0,0.8,54453,98,503,49,23440,3,6136
2020-06-16,46,33109,0,0,0,0,0.8,52532,97,539,56,23496,1,6137
2020-06-17,43,33152,0,0,0,0,0.8,51231,84,508,56,23552,1,6138
2020-06-18,46,33198,0,0,0,0,0.8,50488,83,494,50,23602,0,6138
2020-06-19,37,33235,0,0,0,0,0.8,50080,72,466,47,23649,2,6140
2020-06-20,29,33264,0,0,0,0,0.8,49418,71,466,19,23668,2,6142
2020-06-21,27,33291,0,0,0,0,0.7,49078,69,446,25,23693,2,6144
2020-06-22,51,33342,0,0,0,0,0.8,48587,75,453,60,23753,3,6147
2020-06-23,50,33392,0,0,0,0,0.8,48527,80,452,69,23822,0,6147
2020-06-24,46,33438,0,0,0,0,0.8,48940,77,477,51,23873,4,6151
2020-06-25,57,33495,0,0,0,0,0.8,49364,67,439,47,23920,1,6152
2020-06-26,48,33543,0,0,0,0,0.8,50688,67,423,39,23959,0,6152
2020-06-27,32,33575,0,0,0,0,0.8,51586,62,408,29,23988,0,6152
2020-06-28,22,33597,0,0,0,0,0.7,52506,63,392,18,24006,1,6153
2020-06-29,58,33655,0,0,0,0,0.7,56619,62,398,20,24026,1,6154
2020-06-30,52,33707,0,0,0,0,0.7,59527,66,386,28,24054,1,6155
2020-07-01,42,33749,0,0,0,0,0.6,62725,59,334,53,24107,1,6156
2020-07-02,40,33789,0,0,0,0,0.6,65525,54,320,27,24134,2,6158
2020-07-03,38,33827,0,0,0,0,0.6,66893,51,316,20,24154,1,6159
2020-07-04,32,33859,0,0,0,0,0.5,67631,51,293,16,24170,1,6160
2020-07-05,51,33910,0,0,0,0,0.6,67916,47,288,23,24193,3,6163
2020-07-06,54,33964,0,0,0,0,0.6,68012,52,291,30,24223,2,6165
2020-07-07,60,34024,0,0,0,0,0.6,69251,48,284,26,24249,1,6166
2020-07-08,57,34081,0,0,0,0,0.6,71096,45,269,30,24279,3,6169
2020-07-09,55,34136,0,0,0,0,0.6,72763,45,265,27,24306,2,6171
2020-07-10,40,34176,0,0,0,0,0.6,74385,39,255,26,24332,0,6171
2020-07-11,19,34195,0,0,0,0,0.6,74635,38,206,17,24349,3,6174
2020-07-12,38,34233,0,0,0,0,0.5,75372,37,247,16,24365,1,6175
2020-07-13,85,34318,0,0,0,0,0.6,77844,34,247,18,24383,1,6176
2020-07-14,62,34380,0,0,0,0,0.5,79419,35,229,19,24402,0,6176
2020-07-15,76,34456,0,0,0,0,0.5,81823,30,212,22,24424,1,6177
2020-07-16,70,34526,0,0,0,0,0.6,83850,28,191,24,24448,0,6177
2020-07-17,48,34574,0,0,0,0,0.6,85715,29,187,18,24466,2,6179
2020-07-18,47,34621,0,0,0,0,0.6,87146,29,179,5,24471,0,6179
2020-07-19,41,34662,0,0,0,0,0.6,88469,32,179,7,24478,0,6179
2020-07-20,98,34760,0,0,0,0,0.6,88712,30,180,14,24492,0,6179
2020-07-21,81,34841,0,0,0,0,0.6,89162,29,175,11,24503,0,6179
2020-07-22,80,34921,0,0,0,0,0.6,88036,25,173,11,24514,0,6179
2020-07-23,70,34991,0,0,0,0,0.6,87736,25,165,14,24528,2,6181
2020-07-24,83,35074,0,0,0,0,0.6,88604,21,147,15,24543,0,6181
2020-07-25,56,35130,0,0,0,0,0.6,89678,17,108,5,24548,0,6181
2020-07-26,65,35195,0,0,0,0,0.7,90209,18,139,9,24557,0,6181
2020-07-27,100,35295,0,0,0,0,0.6,93074,19,133,10,24567,1,6182
2020-07-28,100,35395,0,0,0,0,0.7,93922,17,127,7,24574,0,6182
2020-07-29,99,35494,0,0,0,0,0.7,96587,17,131,11,24585,0,6182
2020-07-30,102,35596,0,0,0,0,0.7,99299,19,134,5,24590,0,6182
2020-07-31,73,35669,0,0,0,0,0.7,100334,18,128,2,24592,2,6184
2020-08-01,58,35727,0,0,0,0,0.7,101270,16,126,5,24597,2,6186
2020-08-02,75,35802,0,0,0,0,0.7,102136,15,120,10,24607,1,6187
2020-08-03,88,35890,0,0,0,0,0.7,101979,17,122,2,24609,0,6187
2020-08-04,105,35995,0,0,0,0,0.7,101284,15,118,5,24614,0,6187
2020-08-05,113,36108,0,0,0,0,0.7,101390,13,111,12,24626,0,6187
2020-08-06,105,36213,0,0,0,0,0.7,101625,11,113,7,24633,0,6187
2020-08-07,121,36334,0,0,0,0,0.8,103113,10,105,7,24640,0,6187
2020-08-08,55,36389,0,0,0,0,0.8,102613,10,126,2,24642,1,6188
2020-08-09,67,36456,0,0,0,0,0.8,101205,12,107,10,24652,0,6188
2020-08-10,143,36599,0,0,0,0,0.8,102538,12,107,9,24661,1,6189
2020-08-11,149,36748,0,0,0,0,0.8,104112,13,105,18,24679,1,6190
2020-08-12,161,36909,0,0,0,0,0.9,104747,17,111,5,24684,0,6190
2020-08-13,124,37033,0,0,0,0,0.9,105302,15,104,9,24693,2,6192
2020-08-14,126,37159,0,0,0,0,0.9,106875,15,103,8,24701,0,6192
2020-08-15,107,37266,0,0,0,0,1,108836,15,100,4,24705,0,6192
2020-08-16,88,37354,0,0,0,0,1,110127,19,100,7,24712,0,6192
2020-08-17,189,37543,0,0,0,0,1,112585,19,107,2,24714,2,6194
2020-08-18,181,37724,0,0,0,0,1,114673,19,98,6,24720,1,6195
2020-08-19,153,37877,0,0,0,0,1,119195,15,90,7,24727,0,6195
2020-08-20,204,38081,0,0,0,0,1,123963,15,89,6,24733,1,6196
2020-08-21,167,38248,0,0,0,0,1,128330,16,84,5,24738,0,6196
2020-08-22,119,38367,0,0,0,0,1,129374,18,79,3,24741,1,6197
2020-08-23,145,38512,0,0,0,0,1.1,129925,20,84,8,24749,0,6197
2020-08-24,195,38707,0,0,0,0,1.1,130795,15,85,6,24755,0,6197
2020-08-25,170,38877,0,0,0,0,1.1,131555,16,81,9,24764,1,6198
2020-08-26,165,39042,0,0,0,0,1.1,130602,16,83,5,24769,0,6198
2020-08-27,229,39271,0,0,0,0,1.1,127654,16,86,5,24774,0,6198
2020-08-28,220,39491,0,0,0,0,1.2,124933,12,82,11,24785,0,6198
2020-08-29,139,39630,0,0,0,0,1.2,124660,15,73,6,24791,0,6198
2020-08-30,133,39763,0,0,0,0,1.2,124669,13,78,6,24797,0,6198
2020-08-31,216,39979,0,0,0,0,1.3,116246,14,81,6,24803,1,6199
2020-09-01,314,40293,0,0,0,0,1.4,119209,14,88,6,24809,0,6199
2020-09-02,333,40626,0,0,0,0,1.5,120633,13,84,11,24820,1,6200
2020-09-03,347,40973,0,0,0,0,1.6,123805,12,87,15,24835,1,6201
2020-09-04,356,41329,0,0,0,0,1.6,127791,12,86,11,24846,0,6201
2020-09-05,272,41601,0,0,0,0,1.7,130060,11,90,23,24869,0,6201
2020-09-06,203,41804,0,0,0,0,1.7,130267,13,87,12,24881,2,6203
2020-09-07,463,42267,0,0,0,0,1.8,140673,13,98,5,24886,0,6203
2020-09-08,343,42610,0,0,0,0,1.8,137999,15,100,11,24897,0,6203
2020-09-09,345,42955,0,0,0,0,1.9,136759,16,96,17,24914,0,6203
2020-09-10,391,43346,0,0,0,0,1.9,136810,14,98,19,24933,2,6205
2020-09-11,333,43679,0,0,0,0,1.9,137600,15,115,13,24946,3,6208
2020-09-12,229,43908,0,0,0,0,1.8,136928,12,98,19,24965,0,6208
2020-09-13,114,44022,0,0,0,0,1.8,135401,16,100,23,24988,0,6208
2020-09-14,296,44318,0,0,0,0,1.7,131680,21,123,31,25019,0,6208
2020-09-15,269,44587,0,0,0,0,1.6,131624,26,136,26,25045,1,6209
2020-09-16,292,44879,0,0,0,0,1.6,131954,26,137,25,25070,2,6211
2020-09-17,323,45202,0,0,0,0,1.6,130545,25,147,28,25098,4,6215
2020-09-18,387,45589,0,0,0,0,1.6,130404,25,150,41,25139,1,6216
2020-09-19,338,45927,0,0,0,0,1.7,130373,32,161,32,25171,3,6219
2020-09-20,409,46336,0,0,0,0,1.9,134030,32,171,38,25209,4,6223
2020-09-21,427,46763,0,0,0,0,1.9,136007,31,190,44,25253,4,6227
2020-09-22,521,47284,0,0,0,0,2.1,138438,37,210,35,25288,6,6233
2020-09-23,657,47941,0,0,0,0,2.3,141939,35,210,36,25324,7,6240
2020-09-24,598,48539,0,0,0,0,2.4,146351,40,219,47,25371,2,6242
2020-09-25,603,49142,0,0,0,0,2.5,150115,47,230,36,25407,1,6243
2020-09-26,548,49690,0,0,0,0,2.6,153586,38,200,28,25435,1,6244
2020-09-27,529,50219,0,0,0,0,2.7,155197,48,224,23,25458,1,6245
2020-09-28,746,50965,0,0,0,0,2.9,157976,48,267,28,25486,5,6250
2020-09-29,705,51670,0,0,0,0,3,157294,50,275,36,25522,9,6259
2020-09-30,993,52663,0,0,0,0,3.2,159283,49,278,31,25553,6,6265
2020-10-01,1077,53740,0,0,0,0,3.4,162547,49,275,50,25603,5,6270
2020-10-02,1039,54779,0,0,0,0,3.6,165877,56,276,37,25640,3,6273
2020-10-03,792,55571,0,0,0,0,3.8,168256,56,280,38,25678,2,6275
2020-10-04,825,56396,0,0,0,0,3.9,168937,50,287,27,25705,2,6277
2020-10-05,1296,57692,0,0,0,0,4.2,171555,56,326,47,25752,9,6286
2020-10-06,1178,58870,0,0,0,0,4.4,174475,60,320,43,25795,5,6291
2020-10-07,1419,60289,0,0,0,0,4.6,178147,59,350,46,25841,6,6297
2020-10-08,1487,61776,0,0,0,0,4.7,182252,51,343,39,25880,5,6302
2020-10-09,1351,63127,0,0,0,0,4.8,184163,50,348,55,25935,7,6309
2020-10-10,877,64004,0,0,0,0,4.9,182570,52,341,51,25986,5,6314
2020-10-11,743,64747,0,0,0,0,4.9,181198,57,365,50,26036,4,6318
2020-10-12,1576,66323,0,0,0,0,5.1,181962,65,389,69,26105,6,6324
2020-10-13,1430,67753,0,0,0,0,5.2,182442,66,442,73,26178,5,6329
2020-10-14,1623,69376,0,0,0,0,5.3,182360,77,430,76,26254,4,6333
2020-10-15,1720,71096,0,0,0,0,5.5,183522,78,439,78,26332,12,6345
2020-10-16,1656,72752,0,0,0,0,5.6,185958,80,490,67,26399,7,6352
2020-10-17,1107,73859,0,0,0,0,5.7,187266,83,502,87,26486,4,6356
2020-10-18,1297,75156,0,0,0,0,5.9,189751,87,542,95,26581,6,6362
2020-10-19,2337,77493,0,0,0,0,6.2,193147,89,594,90,26671,11,6373
2020-10-20,2319,79812,0,0,0,0,6.6,195603,88,610,89,26760,7,6380
2020-10-21,2348,82160,0,0,0,0,6.9,198340,90,633,114,26874,15,6395
2020-10-22,2170,84330,0,0,0,0,7.1,198845,81,606,108,26982,11,6406
2020-10-23,2004,86334,0,0,0,0,7.3,199883,99,698,125,27107,6,6412
2020-10-24,1435,87769,0,0,0,0,7.4,201506,98,722,108,27215,18,6430
2020-10-25,1291,89060,0,0,0,0,7.4,200971,111,762,118,27333,11,6441
2020-10-26,2526,91586,0,0,0,0,7.7,198196,117,815,155,27488,12,6453
2020-10-27,2085,93671,0,0,0,0,7.7,193932,119,889,109,27597,14,6467
2020-10-28,1969,95640,0,0,0,0,7.7,190738,124,933,112,27709,21,6488
2020-10-29,2009,97649,0,0,0,0,7.1,211184,131,921,140,27849,12,6500
2020-10-30,1869,99518,0,0,0,0,6.6,232848,134,945,126,27975,14,6514
2020-10-31,1385,100903,0,0,0,0,6.3,248254,132,963,132,28107,8,6522
2020-11-01,1203,102106,0,0,0,0,6.2,260488,136,1032,134,28241,17,6539
2020-11-02,2913,105019,0,0,0,0,5.9,294506,142,1067,136,28377,18,6557
2020-11-03,2126,107145,0,0,0,0,5.6,314841,147,1111,103,28480,13,6570
2020-11-04,2046,109191,0,0,0,0,5.5,327399,151,1132,123,28603,16,6586
2020-11-05,2089,111280,0,0,0,0,5.6,316507,154,1102,118,28721,15,6601
2020-11-06,2114,113394,0,0,0,0,5.7,307252,155,1085,101,28822,16,6617
2020-11-07,1648,115042,0,0,0,0,5.8,302440,156,1108,109,28931,23,6640
2020-11-08,1755,116797,0,0,0,0,5.9,300019,167,1114,150,29081,19,6659
2020-11-09,3074,119871,0,0,0,0,6.6,265460,179,1210,136,29217,28,6687
2020-11-10,2721,122592,0,0,0,0,7.3,244955,179,1211,147,29364,15,6702
2020-11-11,2906,125498,0,0,0,0,7.9,235756,181,1223,134,29498,12,6714
2020-11-12,2835,128333,0,0,0,0,8.4,229382,178,1269,152,29650,20,6734
2020-11-13,2692,131025,0,0,0,0,9,222511,194,1298,136,29786,13,6747
2020-11-14,1919,132944,0,0,0,0,9.3,214868,202,1357,139,29925,20,6767
2020-11-15,1793,134737,0,0,0,0,9.6,208009,214,1390,170,30095,19,6786
2020-11-16,3072,137809,0,0,0,0,9.6,209152,209,1474,154,30249,30,6816
2020-11-17,2555,140364,0,0,0,0,9.5,209499,218,1520,152,30401,30,6846
2020-11-18,2452,142816,0,0,0,0,9.4,207664,220,1519,179,30580,20,6866
2020-11-19,2179,144995,0,0,0,0,9.2,206967,222,1551,173,30753,27,6893
2020-11-20,2106,147101,0,0,0,0,8.9,206310,233,1576,116,30869,28,6921
2020-11-21,1477,148578,0,0,0,0,8.7,207199,251,1591,165,31034,19,6940
2020-11-22,1479,150057,0,0,0,0,8.5,207877,248,1605,145,31179,29,6969
2020-11-23,2384,152441,0,0,0,0,8.3,205398,252,1675,147,31326,18,6987
2020-11-24,2150,154591,0,0,0,0,8.1,204342,253,1626,131,31457,30,7017
2020-11-25,2235,156826,0,0,0,0,7.9,206686,261,1611,200,31657,38,7055
2020-11-26,2063,158889,0,0,0,0,7.7,208907,251,1643,155,31812,29,7084
2020-11-27,2192,161081,0,0,0,0,7.7,209923,267,1674,124,31936,21,7105
2020-11-28,1638,162719,0,0,0,0,7.7,210731,248,1635,107,32043,33,7138
2020-11-29,1650,164369,0,0,0,0,7.7,211940,260,1663,154,32197,48,7186
2020-11-30,2685,167054,0,0,0,0,7.8,211747,253,1677,146,32343,26,7212
2020-12-01,2455,169509,0,0,0,0,7.9,211692,259,1701,160,32503,22,7234
2020-12-02,2793,172302,0,0,0,0,8.1,214404,256,1637,162,32665,28,7262
2020-12-03,2450,174752,0,0,0,0,8.2,216471,256,1685,156,32821,34,7296
2020-12-04,2910,177662,0,0,0,0,8.4,220655,249,1659,170,32991,33,7329
2020-12-05,2238,179900,0,0,0,0,8.6,222590,238,1710,141,33132,27,7356
2020-12-06,2420,182320,0,0,0,0,8.8,224979,242,1766,179,33311,27,7383
2020-12-07,3705,186025,0,0,0,0,9.2,227332,244,1822,210,33521,34,7417
2020-12-08,3694,189719,573,573,127,127,9.6,231124,249,1849,203,33724,34,7451
2020-12-09,4403,194122,900,1473,127,127,10,237483,241,1787,248,33972,30,7481
2020-12-10,4989,199111,1445,2918,127,127,10.6,249105,256,1934,235,34207,28,7509
2020-12-11,5466,204577,1447,4365,127,127,11,262419,261,2031,277,34484,27,7536
2020-12-12,4655,209232,875,5240,127,127,11.4,274632,256,2092,246,34730,41,7577
2020-12-13,5491,214723,43,5283,127,127,12,289691,256,2212,287,35017,29,7606
2020-12-14,8312,223035,1399,6682,127,127,12.7,311495,262,2330,292,35309,37,7643
2020-12-15,8812,231847,4931,11613,127,127,13.4,334233,292,2482,332,35641,45,7688
2020-12-16,9960,241807,11329,22942,127,127,14,360961,291,2543,252,35893,30,7718
2020-12-17,10135,251942,11767,34709,127,127,14.5,388012,301,2607,366,36259,61,7779
2020-12-18,10772,262714,10384,45093,127,127,14.8,417370,311,2726,357,36616,43,7822
2020-12-19,7143,269857,7076,52169,127,127,14.9,432546,322,2909,404,37020,47,7869
2020-12-20,8879,278736,9018,61187,127,127,14.9,453328,355,3067,413,37433,52,7921
2020-12-21,13220,291956,7703,68890,127,127,15.2,477611,378,3367,505,37938,63,7984
2020-12-22,13318,305274,7018,75908,127,127,15.7,493766,400,3559,508,38446,75,8059
2020-12-23,12312,317586,6127,82035,127,127,16.2,493908,411,3578,511,38957,69,8128
2020-12-24,9406,326992,2286,84321,127,127,16.9,468836,462,3966,492,39449,65,8193
2020-12-25,4322,331314,195,84516,127,127,17.7,411622,455,4019,578,40027,88,8281
2020-12-26,11861,343175,823,85339,127,127,19.6,398994,489,4276,607,40634,93,8374
2020-12-27,13123,356298,998,86337,127,127,21.6,384173,520,4591,629,41263,103,8477
2020-12-28,10667,366965,1095,87432,127,127,24.1,334296,556,4957,739,42002,102,8579
2020-12-29,19865,386830,7077,94509,254,254,26.6,329362,599,5371,679,42681,109,8688
2020-12-30,17298,404128,14962,109471,324,578,27.7,336681,640,5524,681,43362,124,8812
2020-12-31,12391,416519,12414,121885,323,901,27.8,347997,664,5685,708,44070,129,8941
2021-01-01,6737,423256,2961,124846,17,918,27.5,361314,657,5511,796,44866,135,9076
2021-01-02,13623,436879,3018,127864,134,1052,26.5,382085,713,5861,828,45694,146,9222
2021-01-03,13106,449985,844,128708,93,1145,26.3,386130,772,6358,865,46559,136,9358
2021-01-04,17217,467202,4507,133215,715,1860,26.2,414153,814,6733,830,47389,160,9518
2021-01-05,14528,481730,10013,143228,3734,5594,25.8,401845,866,6816,913,48302,177,9695
2021-01-06,13535,495265,14748,157976,8925,14519,25.7,388825,908,7034,977,49279,160,9855
2021-01-07,12054,507319,21581,179557,10737,25256,25.1,397154,961,7231,820,50099,186,10041
2021-01-08,10514,517833,26589,206146,9405,34661,24.3,426094,1015,7277,813,50912,175,10216
2021-01-09,8727,526560,17972,224118,5953,40614,23.9,412487,1020,7224,832,51744,179,10395
2021-01-10,7462,534022,11474,235592,5137,45751,23.1,401746,1044,7494,734,52478,192,10587
2021-01-11,11535,545557,13497,249089,3325,49076,22.5,387320,1073,7799,795,53273,184,10771
2021-01-12,9820,555377,18400,267489,2560,51636,21.8,376697,1085,7606,875,54148,192,10963
2021-01-13,9308,564685,30898,298387,1956,53592,21.4,363948,1138,7686,804,54952,198,11161
2021-01-14,8912,573597,39458,337845,1320,54912,21.2,352715,1163,7840,763,55715,196,11357
2021-01-15,8181,581778,40642,378487,744,55656,21.1,343715,1184,7811,670,56385,183,11540
2021-01-16,6160,587938,30024,408511,275,55931,20.9,334232,1206,7571,758,57143,198,11738
2021-01-17,5381,593319,16883,425394,101,56032,20.7,327159,1203,7707,652,57795,207,11945
2021-01-18,8292,601611,16077,441471,197,56229,20.5,316300,1220,7917,704,58499,202,12147
2021-01-19,6993,608604,34591,476062,358,56587,20.2,306890,1207,7711,742,59241,206,12353
2021-01-20,6237,614841,39739,515801,634,57221,19.7,298638,1208,7588,660,59901,185,12538
2021-01-21,5784,620625,38434,554235,813,58034,18.9,292987,1217,7332,598,60499,183,12721
2021-01-22,5563,626188,47680,601915,104,58138,18.3,287938,1219,7298,580,61079,160,12881
2021-01-23,4143,630331,44903,646818,121,58259,17.8,283619,1217,7044,520,61599,158,13039
2021-01-24,3114,633445,23181,669999,93,58352,17.3,276568,1220,7030,544,62143,151,13190
2021-01-25,4956,638401,25680,695679,59,58411,16.6,266145,1200,7014,478,62621,155,13345
2021-01-26,4139,642540,32552,728231,126,58537,15.9,257381,1158,6785,472,63093,125,13470
2021-01-27,4200,646740,36505,764736,138,58675,15.3,252945,1172,6272,485,63578,126,13596
2021-01-28,3855,650595,44757,809493,307,58982,14,259430,1208,6393,473,64051,125,13721
2021-01-29,3374,653969,56516,866009,463,59445,13.1,257180,1131,6064,423,64474,121,13842
2021-01-30,2621,656590,49109,915118,360,59805,12.6,253292,1139,5918,370,64844,86,13928
2021-01-31,2228,658818,40614,955732,563,60368,12.2,251571,1065,5654,394,65238,101,14029
2021-02-01,3290,662108,33696,989428,314,60682,11.7,245100,1090,5881,421,65659,92,14121
2021-02-02,2942,665050,34997,1024425,205,60887,11.2,242960,1075,5723,357,66016,96,14217
2021-02-03,2695,667745,38016,1062441,272,61159,10.5,242393,1067,5462,349,66365,107,14324
2021-02-04,2463,670208,42870,1105311,330,61489,10.3,230223,1032,5212,329,66694,66,14390
2021-02-05,2114,672322,45296,1150607,155,61644,9.7,227467,1026,5066,292,66986,91,14481
2021-02-06,1542,673864,36565,1187172,75,61719,9.2,227140,1016,4787,236,67222,76,14557
2021-02-07,1345,675209,20174,1207346,125,61844,8.7,226941,977,4729,302,67524,66,14623
2021-02-08,1803,677012,22809,1230155,118,61962,8.2,221624,951,4743,287,67811,66,14689
2021-02-09,1660,678672,30410,1260565,257,62219,7.8,215078,934,4574,232,68043,56,14745
2021-02-10,1530,680202,34559,1295124,479,62698,7.3,209931,905,4279,243,68286,64,14809
2021-02-11,1440,681642,44274,1339398,564,63262,6.9,205145,888,4079,217,68503,42,14851
2021-02-12,1276,682918,50102,1389500,309,63571,6.6,201659,859,3882,190,68693,41,14892
2021-02-13,867,683785,39310,1428810,125,63696,6.2,198817,865,3562,175,68868,41,14933
2021-02-14,881,684666,29468,1458278,48,63744,6,196497,855,3595,196,69064,37,14970
2021-02-15,1380,686046,26276,1484554,176,63920,5.8,194830,834,3603,179,69243,44,15014
2021-02-16,1196,687242,45061,1529615,533,64453,5.5,193904,790,3500,166,69409,43,15057
2021-02-17,1085,688327,56082,1585697,886,65339,5.2,192805,749,3292,150,69559,40,15097
2021-02-18,1102,689429,50890,1636587,1182,66521,5,192496,706,3059,142,69701,37,15134
2021-02-19,1027,690456,46819,1683406,966,67487,4.7,192789,705,3048,150,69851,33,15167
2021-02-20,798,691254,41137,1724543,263,67750,4.7,193672,667,2803,110,69961,31,15198
2021-02-21,738,691992,14890,1739433,126,67876,4.5,194852,667,2734,127,70088,38,15236
2021-02-22,1021,693013,23865,1763298,755,68631,4.2,194705,653,2737,129,70217,21,15257
2021-02-23,916,693929,46378,1809676,1389,70020,4.1,195178,552,2490,103,70320,19,15276
2021-02-24,734,694663,54890,1864566,2683,72703,3.8,195562,604,2503,105,70425,20,15296
2021-02-25,650,695313,58039,1922605,3040,75743,3.6,195910,577,2371,110,70535,19,15315
2021-02-26,621,695934,56309,1978914,2895,78638,3.3,198639,556,2253,72,70607,15,15330
2021-02-27,499,696433,50553,2029467,2375,81013,3.1,202301,540,2102,64,70671,12,15342
2021-02-28,474,696907,23280,2052747,964,81977,2.9,205722,455,1828,97,70768,10,15352
2021-03-01,549,697456,21611,2074358,1974,83951,2.6,208104,511,2018,89,70857,20,15372
2021-03-02,657,698113,30002,2104360,3831,87782,2.4,212574,485,1932,95,70952,14,15386
2021-03-03,580,698693,32814,2137174,6109,93891,2.3,216003,479,1861,67,71019,7,15393
2021-03-04,510,699203,38241,2175415,6006,99897,2.2,218350,458,1821,88,71107,12,15405
2021-03-05,500,699703,43520,2218935,6594,106491,2.1,220051,448,1723,62,71169,15,15420
2021-03-06,402,700105,47625,2266560,3492,109983,2,221723,417,1618,49,71218,13,15433
2021-03-07,408,700513,19003,2285563,944,110927,1.9,223724,393,1562,58,71276,9,15442
2021-03-08,563,701076,21851,2307414,3990,114917,1.9,220992,379,1551,56,71332,7,15449
2021-03-09,590,701666,29432,2336846,7470,122387,1.8,221960,358,1481,67,71399,8,15457
2021-03-10,531,702197,32881,2369727,7767,130154,1.8,221219,339,1400,52,71451,10,15467
2021-03-11,454,702651,23238,2392965,6447,136601,1.7,220313,336,1335,47,71498,6,15473
2021-03-12,514,703165,37826,2430791,8207,144808,1.7,220737,310,1273,39,71537,1,15474
2021-03-13,363,703528,43140,2473931,4875,149683,1.7,219346,308,1190,48,71585,9,15483
2021-03-14,362,703890,22157,2496088,2311,151994,1.7,217445,308,1181,41,71626,5,15488
2021-03-15,598,704488,39395,2535483,4633,156627,1.7,214476,298,1185,40,71666,6,15494
2021-03-16,505,704993,43744,2579227,9207,165834,1.6,217611,287,1138,45,71711,5,15499
2021-03-17,455,705448,48865,2628092,11937,177771,1.6,220931,274,1082,27,71738,7,15506
2021-03-18,478,705926,48483,2676575,15348,193119,1.5,222399,260,1023,33,71771,2,15508
2021-03-19,443,706369,65575,2742150,12875,205994,1.5,224190,237,986,42,71813,3,15511
2021-03-20,377,706746,66401,2808551,6838,212832,1.5,225177,211,941,31,71844,2,15513
2021-03-21,459,707205,33432,2841983,2672,215504,1.5,227224,209,928,28,71872,3,15516
2021-03-22,539,707744,33610,2875593,7795,223299,1.5,226230,198,922,31,71903,6,15522
2021-03-23,480,708224,33684,2909277,17683,240982,1.4,227835,195,876,33,71936,1,15523
2021-03-24,614,708838,37871,2947148,29737,270719,1.5,228065,190,840,27,71963,5,15528
2021-03-25,454,709292,38795,2985943,28564,299283,1.4,229006,169,811,33,71996,1,15529
2021-03-26,425,709717,48126,3034069,25082,324365,1.4,230151,159,799,26,72022,2,15531
2021-03-27,300,710017,45653,3079722,15134,339499,1.4,228511,159,742,29,72051,6,15537
2021-03-28,470,710487,24862,3104584,7516,347015,1.4,227274,153,737,32,72083,2,15539
2021-03-29,399,710886,23595,3128179,19006,366021,1.4,222375,158,733,23,72106,2,15541
2021-03-30,357,711243,21455,3149634,33133,399154,1.4,219865,154,717,29,72135,2,15543
2021-03-31,302,711545,28979,3178613,47675,446829,1.3,217484,153,689,30,72165,2,15545
2021-04-01,335,711880,15515,3194128,57918,504747,1.3,214744,147,668,25,72190,3,15548
2021-04-02,250,712130,8598,3202726,22624,527371,1.3,203877,137,652,27,72217,0,15548
2021-04-03,237,712367,10699,3213425,15027,542398,1.3,202154,134,630,25,72242,4,15552
2021-04-04,212,712579,3259,3216684,2358,544756,1.2,198879,130,637,23,72265,1,15553
2021-04-05,243,712822,4107,3220791,2777,547533,1.2,180672,129,636,23,72288,1,15554
2021-04-06,331,713153,9311,3230102,20983,568516,1.2,185229,126,601,22,72310,1,15555
2021-04-07,337,713490,8435,3238537,49653,618169,1.2,189797,121,577,26,72336,2,15557
2021-04-08,311,713801,8976,3247513,48867,667036,1.1,192767,122,569,27,72363,2,15559
2021-04-09,351,714152,9763,3257276,47717,714753,1.1,206113,118,561,21,72384,1,15560
2021-04-10,274,714426,12068,3269344,45887,760640,1.1,207048,115,538,25,72409,3,15563
2021-04-11,292,714718,6601,3275945,17555,778195,1.1,211105,113,520,28,72437,3,15566
2021-04-12,326,715044,4091,3280036,20480,798675,1.1,219375,111,520,26,72463,0,15566
2021-04-13,276,715320,5495,3285531,30885,829560,1.1,226268,110,521,20,72483,2,15568
2021-04-14,271,715591,21888,3307419,43741,873301,1,242110,106,513,21,72504,0,15568
2021-04-15,296,715887,16654,3324073,48455,921756,0.9,261207,102,498,14,72518,2,15570
2021-04-16,304,716191,19181,3343254,52621,974377,0.8,277379,105,501,14,72532,2,15572
2021-04-17,219,716410,18910,3362164,48587,1022964,0.8,288366,103,476,9,72541,1,15573
2021-04-18,359,716769,11563,3373727,25701,1048665,0.7,296831,104,467,17,72558,1,15574
2021-04-19,361,717130,14968,3388695,28540,1077205,0.7,308997,106,460,18,72576,3,15577
2021-04-20,340,717470,16036,3404731,33481,1110686,0.7,314487,107,439,15,72591,2,15579
2021-04-21,343,717813,19685,3424416,44821,1155507,0.7,320567,96,453,18,72609,1,15580
2021-04-22,301,718114,17994,3442410,42860,1198367,0.7,316610,91,423,14,72623,0,15580
2021-04-23,231,718345,16662,3459072,46606,1244973,0.7,308327,91,418,22,72645,0,15580
2021-04-24,221,718566,17647,3476719,39958,1284931,0.7,301731,93,403,15,72660,1,15581
2021-04-25,263,718829,7073,3483792,22731,1307662,0.7,296279,91,375,17,72677,2,15583
2021-04-26,294,719123,10448,3494240,25026,1332688,0.7,285527,85,376,13,72690,0,15583
2021-04-27,271,719394,14622,3508862,37540,1370228,0.7,274782,80,368,21,72711,2,15585
2021-04-28,287,719681,20590,3529452,40902,1411130,0.7,253768,78,353,14,72725,5,15590
2021-04-29,196,719877,20655,3550107,42610,1453740,0.7,239326,73,339,15,72740,0,15590
2021-04-30,224,720101,18907,3569014,39012,1492752,0.7,230002,71,315,11,72751,1,15591
2021-05-01,167,720268,19722,3588736,31293,1524045,0.7,227075,67,299,12,72763,1,15592
2021-05-02,173,720441,10592,3599328,12961,1537006,0.7,223777,69,308,11,72774,1,15593
2021-05-03,234,720675,9144,3608472,8348,1545354,0.7,204243,70,316,11,72785,1,15594
2021-05-04,293,720968,18575,3627047,26792,1572146,0.7,208044,69,292,6,72791,1,15595
2021-05-05,264,721232,21556,3648603,38992,1611138,0.7,210889,65,284,17,72808,3,15598
2021-05-06,280,721512,22151,3670754,51788,1662926,0.7,212868,61,283,13,72821,0,15598
2021-05-07,225,721737,21294,3692048,52563,1715489,0.7,216339,62,272,15,72836,2,15600
2021-05-08,175,721912,21034,3713082,48147,1763636,0.7,216202,58,275,10,72846,0,15600
2021-05-09,262,722174,10911,3723993,24662,1788298,0.7,217915,57,274,16,72862,0,15600
2021-05-10,339,722513,13838,3737831,24959,1813257,0.7,227240,59,281,17,72879,2,15602
2021-05-11,279,722792,20099,3757930,41843,1855100,0.8,225895,54,281,17,72896,0,15602
2021-05-12,219,723011,24993,3782923,41680,1896780,0.7,224751,56,275,12,72908,0,15602
2021-05-13,249,723260,31587,3814510,39235,1936015,0.7,223233,55,266,15,72923,0,15602
2021-05-14,237,723497,36029,3850539,43590,1979605,0.7,224454,51,251,12,72935,0,15602
2021-05-15,186,723683,35483,3886022,37422,2017027,0.7,228473,48,258,11,72946,2,15604
2021-05-16,205,723888,20247,3906269,21797,2038824,0.7,229288,47,261,11,72957,1,15605
2021-05-17,324,724212,18096,3924365,28094,2066918,0.7,229612,50,259,19,72976,0,15605
2021-05-18,314,724526,24277,3948642,33486,2100404,0.7,233334,47,245,19,72995,0,15605
2021-05-19,339,724865,36704,3985346,38335,2138739,0.7,240265,48,241,14,73009,0,15605
2021-05-20,315,725180,38653,4023999,43676,2182415,0.8,247814,49,248,24,73033,2,15607
2021-05-21,263,725443,35450,4059449,47603,2230018,0.8,252173,53,254,13,73046,0,15607
2021-05-22,234,725677,36464,4095913,50104,2280122,0.8,252821,45,233,14,73060,0,15607
2021-05-23,268,725945,22682,4118595,27264,2307386,0.8,254005,46,236,13,73073,1,15608
2021-05-24,358,726303,19524,4138119,34799,2342185,0.8,259391,47,244,17,73090,1,15609
2021-05-25,402,726705,29752,4167871,38465,2380650,0.8,273973,49,242,16,73106,0,15609
2021-05-26,473,727178,37060,4204931,40893,2421543,0.8,291238,50,238,19,73125,3,15612
2021-05-27,499,727677,46972,4251903,45294,2466837,0.8,304558,42,234,17,73142,1,15613
2021-05-28,412,728089,38579,4290482,44267,2511104,0.8,312271,45,234,19,73161,0,15613
2021-05-29,375,728464,37002,4327484,37557,2548661,0.9,314776,43,235,17,73178,1,15614
2021-05-30,387,728851,24448,4351932,17512,2566173,0.9,315333,41,233,18,73196,1,15615
2021-05-31,475,729326,25029,4376961,22696,2588869,1,293703,42,234,20,73216,0,15615
2021-06-01,683,730009,21427,4398388,33913,2622782,1.1,287999,40,236,29,73245,0,15615
2021-06-02,794,730803,28924,4427312,35816,2658598,1.3,280237,40,241,19,73264,1,15616
2021-06-03,769,731572,34616,4461928,38784,2697382,1.4,271962,41,238,20,73284,1,15617
2021-06-04,679,732251,33922,4495850,38919,2736301,1.5,271016,41,247,16,73300,1,15618
2021-06-05,584,732835,39382,4535232,43914,2780215,1.6,272493,40,234,16,73316,1,15619
2021-06-06,650,733485,29164,4564396,24418,2804633,1.6,276984,41,237,27,73343,2,15621
2021-06-07,985,734470,19073,4583469,33940,2838573,1.7,291106,42,252,17,73360,0,15621
2021-06-08,1061,735531,22198,4605667,33722,2872295,1.8,300511,45,249,20,73380,1,15622
2021-06-09,1046,736577,29744,4635411,36211,2908506,1.8,307566,47,270,33,73413,2,15624
2021-06-10,975,737552,36550,4671961,36026,2944532,1.9,315206,46,266,29,73442,0,15624
2021-06-11,916,738468,37929,4709890,36283,2980815,1.9,317938,51,262,28,73470,0,15624
2021-06-12,752,739220,46728,4756618,33768,3014583,2,318080,50,250,27,73497,5,15629
2021-06-13,750,739970,29377,4785995,19684,3034267,2,317566,51,261,34,73531,1,15630
2021-06-14,1174,741144,22065,4808060,28525,3062792,2.1,320645,51,285,33,73564,0,15630
2021-06-15,1256,742400,29750,4837810,27877,3090669,2.2,318324,51,289,37,73601,1,15631
2021-06-16,1139,743539,32852,4870662,30416,3121085,2.2,319926,54,277,25,73626,1,15632
2021-06-17,1261,744800,38347,4909009,30975,3152060,2.3,320369,53,300,31,73657,2,15634
2021-06-18,994,745794,39562,4948571,31888,3183948,2.3,324706,55,289,26,73683,4,15638
2021-06-19,902,746696,53705,5002276,32386,3216334,2.3,328149,57,286,31,73714,2,15640
2021-06-20,951,747647,33641,5035917,16184,3232518,2.4,330864,50,272,32,73746,1,15641
2021-06-21,1627,749274,22584,5058501,19851,3252369,2.5,326596,56,303,19,73765,2,15643
2021-06-22,1757,751031,29630,5088131,23724,3276093,2.6,329550,60,300,26,73791,0,15643
2021-06-23,1925,752956,30954,5119085,25539,3301632,2.8,332411,61,280,29,73820,0,15643
2021-06-24,1908,754864,36553,5155638,27139,3328771,3,333420,67,286,22,73842,3,15646
2021-06-25,2012,756876,33789,5189427,30441,3359212,3.2,338869,62,286,26,73868,3,15649
2021-06-26,1684,758560,39648,5229075,32370,3391582,3.4,342604,59,266,35,73903,0,15649
2021-06-27,1851,760411,25183,5254258,21777,3413359,3.6,344545,53,243,38,73941,3,15652
2021-06-28,2809,763220,21158,5275416,21688,3435047,3.9,348824,66,302,31,73972,0,15652
2021-06-29,2924,766144,20824,5296240,22967,3458014,4.1,357313,68,301,51,74023,3,15655
2021-06-30,3010,769154,21228,5317468,31161,3489175,4.4,365759,71,314,51,74074,4,15659
2021-07-01,3012,772166,20395,5337863,28410,3517585,4.5,375717,74,329,30,74104,3,15662
2021-07-02,2879,775045,18708,5356571,26599,3544184,4.7,383721,70,323,32,74136,2,15664
2021-07-03,2625,777670,21658,5378229,29241,3573425,4.9,390573,72,318,42,74178,3,15667
2021-07-04,2568,780238,13264,5391493,16669,3590094,5,393166,73,331,54,74232,1,15668
2021-07-05,3761,783999,13299,5404792,21391,3611485,5.2,394467,76,364,55,74287,2,15670
2021-07-06,3936,787935,11218,5416010,20430,3631915,5.4,402751,74,381,52,74339,2,15672
2021-07-07,4413,792348,13125,5429135,26840,3658755,5.6,410329,74,397,62,74401,2,15674
2021-07-08,3586,795934,16191,5445326,25008,3683763,5.8,411263,75,411,79,74480,2,15676
2021-07-09,3588,799522,15367,5460693,27188,3710951,5.9,416113,84,435,68,74548,2,15678
2021-07-10,3188,802710,15526,5476219,31015,3741966,6,417279,87,440,64,74612,3,15681
2021-07-11,3223,805933,6745,5482964,14863,3756829,6.2,417691,94,467,66,74678,0,15681
2021-07-12,4872,810805,8660,5491624,18646,3775475,6.5,413828,103,514,96,74774,2,15683
2021-07-13,5200,816005,9281,5500905,21664,3797139,6.8,414019,101,514,88,74862,4,15687
2021-07-14,6398,822403,9328,5510233,29802,3826941,7.2,417141,112,540,86,74948,3,15690
2021-07-15,7642,830045,10015,5520248,29792,3856733,7.9,427494,117,575,83,75031,2,15692
2021-07-16,7013,837058,9002,5529250,30081,3886814,8.5,438027,117,583,85,75116,2,15694
2021-07-17,4975,842033,10690,5539940,36127,3922941,8.8,442746,114,590,100,75216,3,15697
2021-07-18,4416,846449,5259,5545199,23987,3946928,9,446093,111,574,101,75317,7,15704
2021-07-19,6006,852455,6130,5551329,22402,3969330,9.4,445177,128,647,117,75434,6,15710
2021-07-20,5006,857461,6283,5557612,23238,3992568,9.4,445675,131,662,122,75556,8,15718
2021-07-21,4687,862148,6958,5564570,29107,4021675,9.2,444662,129,713,126,75682,8,15726
2021-07-22,4232,866380,6743,5571313,32464,4054139,8.7,436598,141,735,141,75823,6,15732
2021-07-23,3858,870238,6630,5577943,31383,4085522,8.2,426837,142,794,104,75927,10,15742
2021-07-24,3058,873296,7344,5585287,36764,4122286,7.9,421517,146,852,134,76061,4,15746
2021-07-25,2824,876120,4028,5589315,21350,4143636,7.6,417560,149,890,130,76191,5,15751
2021-07-26,3975,880095,5300,5594615,25304,4168940,7.3,407588,161,957,162,76353,8,15759
2021-07-27,3815,883910,5919,5600534,25229,4194169,7.1,404333,179,1001,132,76485,4,15763
2021-07-28,3889,887799,5724,5606258,25320,4219489,6.9,398593,179,1023,106,76591,11,15774
2021-07-29,3806,891605,5848,5612106,28814,4248303,6.8,394779,172,935,129,76720,10,15784
2021-07-30,3270,894875,5294,5617400,26942,4275245,6.7,392761,187,1029,126,76846,12,15796
2021-07-31,2601,897476,6447,5623847,33410,4308655,6.6,389514,189,1034,124,76970,8,15804
2021-08-01,2624,900100,3852,5627699,21315,4329970,6.6,386791,184,1023,123,77093,9,15813
2021-08-02,3903,904003,4574,5632273,22839,4352809,6.6,382831,204,1157,99,77192,9,15822
2021-08-03,3939,907942,5182,5637455,23112,4375921,6.6,383329,198,1084,120,77312,6,15828
2021-08-04,4193,912135,4694,5642149,21983,4397904,6.6,384776,199,1042,113,77425,13,15841
2021-08-05,4178,916313,5385,5647534,28183,4426087,6.7,384922,201,1027,131,77556,15,15856
2021-08-06,3623,919936,5192,5652726,26219,4452306,6.8,386652,200,1044,114,77670,8,15864
2021-08-07,2940,922876,6591,5659317,33244,4485550,6.8,388363,202,1026,102,77772,8,15872
2021-08-08,2841,925717,3636,5662953,19841,4505391,6.8,391116,200,1046,112,77884,7,15879
2021-08-09,3813,929530,4852,5667805,25426,4530817,6.8,389731,202,1077,92,77976,8,15887
2021-08-10,3821,933351,5584,5673389,25175,4555992,6.7,395849,203,1068,99,78075,5,15892
2021-08-11,4271,937622,5242,5678631,25008,4581000,6.6,399981,201,1041,121,78196,12,15904
2021-08-12,3928,941550,5469,5684100,29771,4610771,6.5,401962,198,1016,134,78330,17,15921
2021-08-13,3677,945227,5633,5689733,27008,4637779,6.5,405548,200,1025,118,78448,7,15928
2021-08-14,2897,948124,6518,5696251,32151,4669930,6.4,409008,198,1008,129,78577,12,15940
2021-08-15,2703,950827,3860,5700111,20042,4689972,6.4,411544,208,1036,89,78666,13,15953
2021-08-16,3841,954668,5900,5706011,26893,4716865,6.4,411854,211,1086,126,78792,10,15963
2021-08-17,3724,958392,5847,5711858,24649,4741514,6.3,415831,211,1074,111,78903,12,15975
2021-08-18,3698,962090,5411,5717269,24933,4766447,6.2,418594,212,1090,146,79049,10,15985
2021-08-19,3537,965627,6728,5723997,27049,4793496,6,420858,217,1098,140,79189,13,15998
2021-08-20,3083,968710,8247,5732244,26046,4819542,5.8,422634,213,1112,120,79309,16,16014
2021-08-21,2652,971362,8694,5740938,28372,4847914,5.7,425933,216,1126,124,79433,13,16027
2021-08-22,2646,974008,5408,5746346,17530,4865444,5.7,428561,220,1138,134,79567,13,16040
2021-08-23,3569,977577,6710,5753056,23724,4889168,5.6,430035,216,1199,147,79714,14,16054
2021-08-24,3416,980993,6844,5759900,21755,4910923,5.5,433564,214,1178,165,79879,8,16062
2021-08-25,3425,984418,6399,5766299,22085,4933008,5.4,437459,215,1172,139,80018,10,16072
2021-08-26,3175,987593,7073,5773372,22832,4955840,5.3,440887,212,1189,115,80133,13,16085
2021-08-27,3064,990657,6040,5779412,20595,4976435,5.2,446132,215,1189,112,80245,11,16096
2021-08-28,2575,993232,5769,5785181,20526,4996961,5.1,453379,207,1154,116,80361,14,16110
2021-08-29,2246,995478,3183,5788364,11612,5008573,5,456068,207,1150,118,80479,7,16117
2021-08-30,2815,998293,2661,5791025,10520,5019093,4.9,444226,221,1192,146,80625,8,16125
2021-08-31,3712,1002005,5803,5796828,19155,5038248,4.8,456818,223,1255,141,80766,12,16137
2021-09-01,3606,1005611,5361,5802189,16676,5054924,4.7,472957,225,1235,124,80890,10,16147
2021-09-02,3719,1009330,5161,5807350,17001,5071925,4.6,488560,226,1202,122,81012,12,16159
2021-09-03,3452,1012782,4789,5812139,16460,5088385,4.6,500091,222,1154,102,81114,20,16179
2021-09-04,2716,1015498,5357,5817496,19247,5107632,4.6,502031,229,1134,88,81202,8,16187
2021-09-05,2652,1018150,2380,5819876,9662,5117294,4.7,504200,230,1143,100,81302,9,16196
2021-09-06,3780,1021930,3502,5823378,14433,5131727,4.8,515138,237,1177,142,81444,16,16212
2021-09-07,3385,1025315,3278,5826656,12783,5144510,4.8,502466,229,1211,123,81567,11,16223
2021-09-08,3135,1028450,3268,5829924,12070,5156580,4.9,485306,228,1214,133,81700,13,16236
2021-09-09,2743,1031193,3486,5833410,12954,5169534,4.9,469291,224,1190,114,81814,16,16252
2021-09-10,2507,1033700,3507,5836917,12295,5181829,4.8,455839,220,1225,101,81915,10,16262
2021-09-11,2169,1035869,4209,5841126,14157,5195986,4.8,447549,222,1209,109,82024,8,16270
2021-09-12,2010,1037879,1818,5842944,5965,5201951,4.7,442745,224,1214,91,82115,8,16278
2021-09-13,2784,1040663,3177,5846121,10427,5212378,4.5,438228,228,1253,98,82213,4,16282
2021-09-14,2601,1043264,3112,5849233,9373,5221751,4.4,437571,235,1276,90,82303,12,16294
2021-09-15,2424,1045688,3256,5852489,9281,5231032,4.2,438830,234,1214,89,82392,11,16305
2021-09-16,2334,1048022,3198,5855687,9374,5240406,4.1,437505,222,1179,103,82495,10,16315
2021-09-17,2355,1050377,3479,5859166,9874,5250280,4.1,438847,227,1153,76,82571,8,16323
2021-09-18,2107,1052484,4227,5863393,11250,5261530,4,439819,228,1124,78,82649,11,16334
2021-09-19,2334,1054818,1845,5865238,4610,5266140,4,442550,229,1134,70,82719,9,16343
2021-09-20,3114,1057932,3457,5868695,8535,5274675,4.1,445032,221,1122,97,82816,7,16350
2021-09-21,2907,1060839,3518,5872213,7081,5281756,4.1,449322,210,1077,86,82902,8,16358
2021-09-22,2806,1063645,3538,5875751,7250,5289006,4.1,451956,209,1056,80,82982,11,16369
2021-09-23,2724,1066369,4082,5879833,7305,5296311,4.2,454684,204,1013,88,83070,14,16383
2021-09-24,2379,1068748,3666,5883499,6770,5303081,4.2,455256,195,1000,87,83157,13,16396
2021-09-25,2226,1070974,3735,5887234,8874,5311955,4.2,455850,193,984,81,83238,10,16406
2021-09-26,2502,1073476,1511,5888745,3254,5315209,4.2,456168,191,990,72,83310,6,16412
2021-09-27,3439,1076915,3176,5891921,5993,5321202,4.4,451528,183,999,86,83396,16,16428
2021-09-28,2789,1079704,3670,5895591,5277,5326479,4.3,450684,177,1001,73,83469,13,16441
2021-09-29,2778,1082482,3971,5899562,5360,5331839,4.3,448011,175,983,81,83550,13,16454
2021-09-30,2592,1085074,3831,5903393,5216,5337055,4.3,445015,181,948,66,83616,13,16467
2021-10-01,2191,1087265,4303,5907696,5319,5342374,4.3,442284,179,927,70,83686,16,16483
2021-10-02,2138,1089403,3722,5911418,6698,5349072,4.3,440337,176,894,82,83768,12,16495
2021-10-03,2526,1091929,1684,5913102,2776,5351848,4.4,435041,176,906,57,83825,6,16501
2021-10-04,3301,1095230,4472,5917574,4683,5356531,4.4,425662,173,934,87,83912,9,16510
2021-10-05,3046,1098276,4637,5922211,4461,5360992,4.6,419468,175,925,74,83986,11,16521
2021-10-06,2813,1101089,4231,5926442,4175,5365167,4.6,418265,171,904,76,84062,10,16531
2021-10-07,2904,1103993,4206,5930648,3933,5369100,4.7,418660,161,884,84,84146,6,16537
2021-10-08,2654,1106647,4828,5935476,4731,5373831,4.8,419406,144,885,78,84224,9,16546
2021-10-09,2433,1109080,3458,5938934,5781,5379612,4.9,418727,143,867,67,84291,11,16557
2021-10-10,2730,1111810,1406,5940340,2425,5382037,4.9,418802,146,878,58,84349,8,16565
2021-10-11,3830,1115640,4702,5945042,4001,5386038,5,419985,139,894,75,84424,9,16574
2021-10-12,3352,1118992,5211,5950253,3801,5389839,5.1,419022,146,853,93,84517,4,16578
2021-10-13,3509,1122501,7891,5958144,4341,5394180,5.3,421095,143,849,97,84614,6,16584
2021-10-14,3384,1125885,6945,5965089,4209,5398389,5.4,422230,137,864,105,84719,11,16595
2021-10-15,3228,1129113,6977,5972066,4769,5403158,5.5,422251,149,879,99,84818,5,16600
2021-10-16,2739,1131852,3758,5975824,6413,5409571,5.5,424718,155,882,100,84918,6,16606
2021-10-17,3291,1135143,1391,5977215,2225,5411796,5.6,427005,155,896,106,85024,11,16617
2021-10-18,4460,1139603,6369,5983584,4023,5415819,5.8,424862,154,918,94,85118,9,16626
2021-10-19,4304,1143907,6342,5989926,4061,5419880,6,423819,160,965,105,85223,9,16635
